world: world
x: 58.716001402316905
y: 68.0
z: 10.78009243852167
yaw: 181.34833
pitch: 8.249991
name: shop
